"PAWGOL"
0.015594
0.000995
0.133783
0.991103
0.042775
0.997347
0.021650
0.011344
0.619294
0.971102
0.847056
0.999231
0.030171
0.987336
0.959696
0.003833
0.170594
0.997935
0.696369
0.003396
0.065880
0.190002
0.002795
0.198761
0.995754
0.993510
0.315560
0.385211
0.119542
0.002288
0.029218
0.976978
0.983283
0.073197
0.954007
0.074623
0.979309
0.707835
0.912454
0.938315
0.782651
0.989079
0.220639
0.996369
0.222387
0.991568
0.018870
0.969801
0.065305
0.418176
0.999435
0.012015
0.024076
0.968627
0.986999
0.055148
0.988819
0.715258
0.986528
0.007529
0.913818
0.005419
0.729232
0.995500
0.985792
0.977602
0.015814
0.970166
0.197070
0.180429
0.997588
0.014152
0.998580
0.454425
0.995739
0.072497
0.168858
0.051184
0.990096
0.012680
0.051348
0.989102
0.699052
0.998042
0.469607
0.314833
0.992046
0.977952
0.972225
0.997603
0.839546
0.013094
0.253149
0.039970
0.249871
0.017846
0.325973
0.140375
0.964973
0.131320
0.002371
0.913820
0.244385
0.999360
0.059224
0.870777
0.996315
0.271289
0.970470
0.993872
0.757824
0.587080
0.018922
0.797998
0.043227
0.098057
0.913177
0.006002
0.198322
0.007494
0.025933
0.992673
0.970492
0.039105
0.152650
0.996354
0.058723
0.008774
0.998996
0.226421
0.965333
0.718256
0.027700
0.993907
0.002723
0.997153
0.395357
0.943848
0.102106
0.043121
0.203019
0.989967
0.999309
0.717872
0.465062
0.996724
0.884394
0.002219
0.004207
0.171700
0.638585
0.001070
0.998817
0.027494
0.013062
0.846197
0.999610
0.874676
0.740161
0.079773
0.988222
0.998467
0.002048
0.405408
0.009875
0.048692
0.047051
0.999172
0.001586
0.960645
0.993320
0.968374
0.083119
0.128500
0.128839
0.829262
0.993276
0.053740
0.338218
0.004550
0.986391
0.013906
0.957745
0.087365
0.058256
0.108732
0.189289
0.106072
0.009661
0.017296
0.712679
0.997482
0.006267
0.109388
0.335362
0.998801
0.041072
0.995795
0.382627
0.036978
0.133539
0.995312
0.987768
0.982372
0.014393
0.012259
0.532687
0.976460
0.995073
0.006105
0.049772
0.020456
0.001089
0.007979
0.022292
0.006584
0.998177
0.998451
0.003729
0.005981
0.992845
0.986147
0.419881
0.015993
0.545630
0.849999
0.003435
0.004748
0.009839
0.851842
0.200127
0.040617
0.997531
0.767432
0.992421
0.917611
0.140338
0.050279
0.093867
0.997389
0.214352
0.076133
0.997382
0.055798
0.011646
0.994248
0.985687
0.007167
0.001471
0.942050
0.827012
0.041187
0.018118
0.228848
0.001521
0.998575
0.071564
0.016129
0.987475
0.990591
0.982719
0.998220
0.998791
0.002034
0.998391
0.970270
0.047444
0.003393
0.997562
0.003371
0.754519
0.604978
0.007124
0.060629
0.005910
0.039796
0.998466
0.438312
0.967026
0.995114
0.635611
0.009354
0.952820
0.932082
0.997219
0.331025
0.052160
0.779077
0.985462
0.016377
0.001769
0.034464
0.976717
0.996687
0.998212
0.997913
0.038818
0.745011
0.998126
0.596570
0.001211
0.072719
0.993288
0.996974
0.904261
0.993820
0.803119
0.971195
0.987999
0.041024
0.716165
0.976583
0.040211
0.156762
0.980349
0.004217
0.015345
0.000943
0.998083
0.699452
0.002178
0.006361
0.241328
0.995310
0.004262
0.010146
0.064405
0.010676
0.992758
0.089763
0.997716
0.985750
0.998697
0.946853
0.007219
0.995226
0.002473
0.005597
0.044540
0.975524
0.019442
0.010772
0.999172
0.004439
0.951312
0.274623
0.008965
0.554358
0.998672
0.996165
0.146013
0.999823
0.017549
0.004897
0.003610
0.006938
0.995682
0.977398
0.998499
0.003182
0.001844
0.006944
0.996850
0.795962
0.983679
0.944435
0.029887
0.077137
0.982437
0.998160
0.007570
0.004023
0.523255
0.098403
0.279686
0.991305
0.998437
0.996460
0.001626
0.998465
0.007002
0.761262
0.981980
0.978752
0.974449
0.481196
0.004786
0.473275
0.013954
0.102262
0.990416
0.020198
0.996437
0.717568
0.998511
0.982692
0.997817
0.407167
0.031011
0.222340
0.854891
0.600322
0.042980
0.768982
0.997597
0.011760
0.008938
0.999486
0.928318
0.025513
0.001493
0.984704
0.982995
0.025768
0.021389
0.446806
0.885397
0.026270
0.994975
0.405952
0.165309
0.020898
0.835826
0.002839
0.941346
0.996324
0.005286
0.069937
0.699148
0.678733
0.015550
0.876532
0.030006
0.003652
0.952322
0.861007
0.849951
0.900177
0.085908
0.007281
0.982431
0.402322
0.957415
0.000531
0.006437
0.988228
0.996273
0.999361
0.658728
0.066776
0.950087
0.998615
0.935961
0.466274
0.006103
0.320791
0.078673
0.008110
0.998186
0.099595
0.013146
0.049388
0.006187
0.002498
0.991101
0.033774
0.279535
0.968706
0.914728
0.016451
0.876271
0.235223
0.019561
0.006858
0.914324
0.995007
0.348765
0.776301
0.142973
0.985062
0.189466
0.971556
0.970331
0.998176
0.633545
0.983835
0.994925
0.048908
0.198022
0.416747
0.011667
0.397090
0.993352
0.878210
0.955982
0.995006
0.986489
0.986131
0.968325
0.867179
0.616540
0.815369
0.035793
0.002333
0.996145
0.154358
0.991764
0.995842
0.991786
0.998325
0.007366
0.131004
0.013239
0.203015
0.034581
0.010288
0.668917
0.014361
0.393931
0.947357
0.985881
0.989617
0.975111
0.984665
0.845556
0.023319
0.993315
0.743029
0.842095
0.006320
0.096545
0.998642
0.797775
0.974557
0.068586
0.817543
0.957232
0.998322
0.067523
0.514328
0.009043
0.038655
0.102004
0.039335
0.026586
0.990120
0.002100
0.625803
0.738443
0.004111
0.683905
0.004016
0.992418
0.026572
0.148530
0.020154
0.543468
0.992846
0.016268
0.983266
0.953555
0.002319
0.982808
0.962480
0.315255
0.054184
0.992862
0.077036
0.311280
0.759803
0.979162
0.743892
0.004771
0.043967
0.502850
0.009573
0.914777
0.789261
0.982806
0.016328
0.228782
0.997464
0.066997
0.004595
0.891586
0.970378
0.763501
0.016122
0.060976
0.000588
0.021079
0.996526
0.021434
0.010630
0.972858
0.878356
0.073930
0.998636
0.949687
0.000805
