"PAWGOL"
0.385864
1.000000
0.000000
0.999999
1.000000
0.000000
0.000000
0.000000
0.000000
0.000000
1.000000
1.000000
0.000134
1.000000
0.000175
1.000000
1.000000
1.000000
1.000000
1.000000
0.000000
1.000000
1.000000
1.000000
1.000000
0.000000
1.000000
1.000000
0.005829
0.999964
0.999457
0.999801
0.000010
1.000000
1.000000
1.000000
0.000001
0.999989
0.000006
0.000001
1.000000
0.000000
0.999231
1.000000
0.000001
0.000000
0.999999
0.000009
0.999931
0.000000
0.000000
0.000002
0.000000
0.000000
1.000000
1.000000
0.000019
0.000000
0.882850
0.999999
1.000000
0.000000
0.000000
0.999982
0.000013
0.041859
1.000000
1.000000
0.999998
0.999889
0.000000
0.000000
0.000019
1.000000
1.000000
1.000000
0.000000
0.000000
1.000000
1.000000
0.000000
1.000000
0.999819
1.000000
0.000827
1.000000
0.000000
1.000000
0.000005
1.000000
0.999764
0.029496
0.000000
0.000000
1.000000
0.000000
1.000000
0.000000
0.003181
1.000000
0.000000
0.000000
0.021192
1.000000
1.000000
1.000000
0.000000
1.000000
1.000000
0.000000
1.000000
0.000000
1.000000
0.000001
1.000000
1.000000
0.000000
0.000000
0.000000
0.999993
0.000000
1.000000
0.000002
0.879803
0.000000
0.000000
1.000000
0.000000
0.000000
0.000002
0.000000
0.000022
0.000000
1.000000
0.000000
1.000000
1.000000
1.000000
0.000000
0.999988
1.000000
1.000000
0.000000
1.000000
0.999999
0.999672
0.000000
1.000000
1.000000
0.000000
1.000000
0.000000
1.000000
0.999124
1.000000
0.000000
1.000000
0.000002
1.000000
0.000000
1.000000
0.000000
1.000000
0.000001
0.000085
0.000000
0.000000
0.000000
1.000000
1.000000
1.000000
1.000000
0.000000
0.000000
1.000000
0.999999
1.000000
0.701706
1.000000
0.000000
0.000000
1.000000
0.000005
0.000018
0.000000
1.000000
0.832228
1.000000
1.000000
0.000000
1.000000
0.999064
1.000000
0.000000
1.000000
0.000007
0.000000
0.000000
1.000000
1.000000
1.000000
1.000000
0.000000
1.000000
0.000000
0.000392
1.000000
0.000000
1.000000
0.000000
1.000000
0.000000
1.000000
1.000000
0.000001
0.000000
1.000000
0.000000
1.000000
0.001034
1.000000
0.324691
0.000000
1.000000
0.000000
0.000000
1.000000
0.999999
0.000001
0.997706
0.000000
0.000000
1.000000
0.000000
0.000000
0.000000
0.000000
1.000000
0.000000
1.000000
1.000000
0.158419
0.000000
0.000000
0.000000
0.970515
1.000000
0.024475
1.000000
1.000000
0.999996
1.000000
0.999996
0.000001
1.000000
0.000000
0.999837
0.997347
0.000000
1.000000
1.000000
0.000000
0.000000
0.989186
0.000000
1.000000
0.000000
0.999999
1.000000
0.883412
0.000001
0.000000
0.999996
0.999702
0.000001
0.000000
0.000000
1.000000
1.000000
1.000000
1.000000
1.000000
0.000000
1.000000
0.000000
0.000000
0.000000
1.000000
0.000000
1.000000
0.000000
0.000000
0.018222
1.000000
0.000000
1.000000
0.999889
0.475316
1.000000
0.444254
1.000000
1.000000
0.000004
0.000000
0.000000
0.000001
0.000000
1.000000
0.855282
0.999830
1.000000
1.000000
0.000000
0.000000
0.991658
1.000000
0.000000
0.000000
1.000000
0.087961
0.000000
0.001769
1.000000
0.000000
0.997136
0.000000
1.000000
1.000000
0.000001
0.000000
1.000000
0.000000
0.000000
0.632772
0.000000
1.000000
1.000000
0.063234
0.999999
1.000000
1.000000
0.999999
0.777356
0.000000
0.000000
0.996183
1.000000
1.000000
1.000000
0.000000
0.999997
0.000000
1.000000
0.000001
0.000000
0.000001
1.000000
1.000000
1.000000
0.703308
1.000000
1.000000
1.000000
0.000010
1.000000
0.000000
0.001471
1.000000
0.000000
1.000000
0.000000
0.000000
0.997710
1.000000
0.000067
0.000000
0.000000
1.000000
1.000000
0.000000
0.999996
1.000000
0.999998
0.005154
0.999875
0.000000
0.000119
0.214523
0.996891
0.560857
0.000001
1.000000
0.999974
0.000000
0.000000
0.000000
1.000000
0.000000
1.000000
1.000000
0.999999
1.000000
0.000000
1.000000
1.000000
0.255144
0.000000
0.000000
0.000000
0.001996
0.000000
0.999961
0.000000
0.000000
0.267253
0.999999
0.475523
0.000000
0.000000
0.000000
1.000000
1.000000
1.000000
0.000275
1.000000
0.000000
1.000000
1.000000
0.000000
0.281266
0.759844
0.000000
0.000000
1.000000
0.000000
1.000000
1.000000
1.000000
1.000000
1.000000
0.000000
0.000000
0.000000
1.000000
1.000000
1.000000
0.999919
0.000000
0.000000
0.000000
0.000037
1.000000
0.000000
1.000000
0.042993
0.999996
0.027928
0.000000
1.000000
0.000000
0.000000
1.000000
0.003972
0.000000
0.999874
1.000000
1.000000
0.000000
1.000000
0.000000
1.000000
0.000000
0.000001
1.000000
1.000000
0.999999
1.000000
0.000000
0.000039
1.000000
0.999998
1.000000
0.000000
0.000000
1.000000
0.667574
0.000002
1.000000
1.000000
0.000000
0.000000
1.000000
0.998499
0.000000
0.000000
0.999999
0.999999
0.999970
0.999688
0.000000
0.999874
1.000000
0.000000
0.000000
0.986473
0.000000
0.000000
1.000000
0.000006
1.000000
0.000004
1.000000
1.000000
0.000000
0.000000
0.000000
0.000000
0.000000
0.000000
0.000001
0.000001
0.000000
0.999853
1.000000
0.999731
0.000000
0.189886
0.999997
0.998650
1.000000
0.000000
0.000003
1.000000
0.000033
0.994882
0.999994
0.000000
0.999951
0.000000
1.000000
0.000000
1.000000
0.000000
0.000002
0.000005
0.000000
1.000000
1.000000
1.000000
0.999997
1.000000
0.000000
0.000000
0.000000
0.999989
0.000000
1.000000
1.000000
0.000000
1.000000
0.999993
0.999999
1.000000
0.000000
0.000000
1.000000
0.000000
0.000000
0.000000
0.000000
0.999970
1.000000
0.000000
1.000000
1.000000
0.000041
1.000000
0.238203
0.999996
0.000000
0.000000
0.000000
0.000000
0.002269
0.999317
0.000000
0.000008
0.000000
1.000000
1.000000
1.000000
0.000000
0.006352
0.000000
0.000000
1.000000
0.000000
1.000000
1.000000
0.000004
0.999922
1.000000
0.000000
1.000000
0.000000
0.000000
0.000000
0.000360
1.000000
0.999996
0.162681
1.000000
1.000000
0.000000
1.000000
0.000007
0.000000
0.000003
0.000000
0.999979
0.000000
0.000001
0.000000
0.000002
1.000000
1.000000
1.000000
0.000000
0.000000
0.000000
0.000000
1.000000
1.000000
0.000000
1.000000
1.000000
0.000000
1.000000
1.000000
1.000000
0.000000
1.000000
0.000016
0.000066
0.954549
0.000000
0.000000
0.999945
0.000003
1.000000
0.000000
0.006270
0.000001
1.000000
0.000000
0.000000
0.000000
0.000000
0.000000
1.000000
1.000000
1.000000
1.000000
0.000001
0.000000
0.000000
1.000000
0.000000
0.000001
1.000000
0.000000
0.000042
1.000000
1.000000
0.000000
0.000005
0.000000
1.000000
0.000000
1.000000
0.000000
1.000000
0.000000
1.000000
1.000000
0.000000
1.000000
0.034629
1.000000
1.000000
0.999999
0.000000
0.999999
0.999999
0.000000
0.000000
0.000004
0.000000
1.000000
0.000000
0.999999
0.000006
0.000001
1.000000
0.000030
0.000000
0.999994
0.999784
0.000000
0.000000
0.999998
1.000000
0.000158
0.000000
1.000000
0.000000
0.000000
0.000000
0.000000
1.000000
1.000000
1.000000
1.000000
1.000000
1.000000
0.999919
0.000001
0.000001
1.000000
0.000000
1.000000
1.000000
1.000000
1.000000
0.000000
0.000000
0.000001
1.000000
1.000000
0.999999
0.000000
0.000000
0.000000
0.000000
1.000000
0.000000
1.000000
0.000000
1.000000
0.000000
0.000671
0.999998
0.000000
1.000000
0.000000
0.999897
1.000000
0.000000
1.000000
0.901921
0.999999
0.000025
1.000000
0.000008
1.000000
1.000000
0.000006
1.000000
0.000000
0.999931
0.000000
0.000000
0.955335
1.000000
0.000000
1.000000
0.000000
1.000000
1.000000
0.000003
0.000000
0.000058
0.000293
0.000000
0.000000
0.999996
0.000000
0.000000
0.000000
0.000000
0.000000
0.000000
1.000000
0.000000
1.000000
0.000000
0.999949
0.999986
0.000000
0.999999
0.000000
1.000000
0.000000
0.000002
0.000000
0.999992
1.000000
1.000000
0.000000
0.000000
0.000000
1.000000
0.001022
1.000000
1.000000
0.993691
0.000000
0.000000
0.000000
1.000000
0.999920
0.999380
1.000000
0.999999
0.004489
0.000000
1.000000
0.000000
0.000000
1.000000
0.000000
1.000000
0.000000
0.999790
1.000000
1.000000
0.000000
0.000000
0.000000
1.000000
1.000000
0.000001
0.000000
1.000000
0.999995
1.000000
0.000000
0.000000
1.000000
0.000000
0.000000
0.000000
1.000000
0.000000
1.000000
0.000000
0.000000
1.000000
0.999999
1.000000
0.000000
1.000000
0.000000
0.000152
0.000000
1.000000
1.000000
0.000000
1.000000
1.000000
0.999076
0.000000
0.000000
1.000000
0.000000
1.000000
0.000000
0.000000
1.000000
0.259051
0.000000
0.000000
0.000000
0.994582
0.999831
0.999999
0.000000
1.000000
0.999978
1.000000
0.000000
0.990768
1.000000
0.999651
0.000000
0.999945
1.000000
0.000000
0.920599
0.000000
0.000000
0.000008
0.000000
0.000001
0.999998
0.999968
0.000000
0.000000
0.999995
0.004634
0.999950
1.000000
0.999997
0.999857
0.000000
0.000000
0.000000
0.000000
1.000000
1.000000
1.000000
0.999999
1.000000
0.000000
1.000000
0.999951
0.999995
0.000000
0.000000
0.000001
0.000000
0.000012
0.000000
0.000161
1.000000
0.000000
0.999999
1.000000
1.000000
0.000001
0.000000
0.999914
0.000000
1.000000
0.000000
1.000000
0.000928
1.000000
0.000001
1.000000
1.000000
0.999961
0.002907
0.000000
1.000000
0.999995
0.000001
0.999995
1.000000
0.999888
0.000014
1.000000
0.000000
1.000000
1.000000
0.000000
0.999999
1.000000
1.000000
0.000000
0.039028
1.000000
0.000008
1.000000
0.000000
0.000000
0.000000
0.999675
0.988894
1.000000
1.000000
0.997924
0.000000
1.000000
0.000000
0.000000
1.000000
0.999987
1.000000
0.000000
0.000000
1.000000
0.000000
1.000000
0.000000
0.000001
0.820322
1.000000
0.000000
0.000000
